0.000000000000000000e+00 5.000000000000000000e+00 5.000000000000000000e+00 5.000000000000000000e+00
1.999999955296516418e-02 5.161252021789550781e+00 6.842000961303710938e+00 5.324635505676269531e+00
3.999999910593032837e-02 5.609820842742919922e+00 8.720596313476562500e+00 5.862803459167480469e+00
5.999999865889549255e-02 6.309195518493652344e+00 1.069882488250732422e+01 6.684260845184326172e+00
7.999999821186065674e-02 7.236265182495117188e+00 1.279805946350097656e+01 7.886695384979248047e+00
9.999999403953552246e-02 8.370923042297363281e+00 1.498544025421142578e+01 9.590217590332031250e+00
1.199999973177909851e-01 9.684754371643066406e+00 1.715414619445800781e+01 1.192310523986816406e+01
1.400000005960464478e-01 1.112798118591308594e+01 1.910195541381835938e+01 1.498979663848876953e+01
1.599999964237213135e-01 1.261571693420410156e+01 2.052311325073242188e+01 1.881375122070312500e+01
1.799999922513961792e-01 1.401858806610107422e+01 2.104003143310546875e+01 2.326029205322265625e+01
1.999999880790710449e-01 1.516529178619384766e+01 2.030094146728515625e+01 2.797115707397460938e+01
2.199999988079071045e-01 1.586774253845214844e+01 1.813938903808593750e+01 3.237483215332031250e+01
2.399999946355819702e-01 1.596909999847412109e+01 1.472095298767089844e+01 3.582690429687500000e+01
2.599999904632568359e-01 1.539873600006103516e+01 1.055701637268066406e+01 3.784879302978515625e+01
2.800000011920928955e-01 1.420327568054199219e+01 6.330568313598632812e+00 3.832017898559570312e+01
2.999999821186065674e-01 1.253306198120117188e+01 2.633815526962280273e+00 3.748864746093750000e+01
3.199999928474426270e-01 1.059115505218505859e+01 -2.090224623680114746e-01 3.580353546142578125e+01
3.400000035762786865e-01 8.575954437255859375e+00 -2.152920961380004883e+00 3.371533966064453125e+01
3.599999845027923584e-01 6.642299652099609375e+00 -3.333307743072509766e+00 3.155358314514160156e+01
3.799999952316284180e-01 4.888527870178222656e+00 -3.952567338943481445e+00 2.950474357604980469e+01
3.999999761581420898e-01 3.361895561218261719e+00 -4.205176830291748047e+00 2.764544868469238281e+01
4.199999868869781494e-01 2.071896314620971680e+00 -4.245920181274414062e+00 2.598754882812500000e+01
4.399999976158142090e-01 1.004071474075317383e+00 -4.185302734375000000e+00 2.451315307617187500e+01
4.599999785423278809e-01 1.310418844223022461e-01 -4.096685886383056641e+00 2.319567298889160156e+01
4.799999892711639404e-01 -5.798544287681579590e-01 -4.026132583618164062e+00 2.200984001159667969e+01
5.000000000000000000e-01 -1.161813974380493164e+00 -4.001142024993896484e+00 2.093563652038574219e+01
5.199999809265136719e-01 -1.645952224731445312e+00 -4.037355899810791016e+00 1.995880889892578125e+01
5.399999618530273438e-01 -2.060078382492065430e+00 -4.143271446228027344e+00 1.907024192810058594e+01
5.600000023841857910e-01 -2.428343772888183594e+00 -4.323449134826660156e+00 1.826507949829101562e+01
5.799999833106994629e-01 -2.771386861801147461e+00 -4.580560207366943359e+00 1.754201316833496094e+01
5.999999642372131348e-01 -3.106723546981811523e+00 -4.916634082794189453e+00 1.690278625488281250e+01
6.200000047683715820e-01 -3.449241399765014648e+00 -5.333647251129150391e+00 1.635207176208496094e+01
6.399999856948852539e-01 -3.811633825302124023e+00 -5.833654880523681641e+00 1.589750957489013672e+01
6.599999666213989258e-01 -4.204783439636230469e+00 -6.418487071990966797e+00 1.554995632171630859e+01
6.800000071525573730e-01 -4.637962818145751953e+00 -7.088969707489013672e+00 1.532381343841552734e+01
6.999999880790710449e-01 -5.118831157684326172e+00 -7.843708992004394531e+00 1.523728466033935547e+01
7.199999690055847168e-01 -5.653196334838867188e+00 -8.677294731140136719e+00 1.531252861022949219e+01
7.400000095367431641e-01 -6.244441986083984375e+00 -9.577928543090820312e+00 1.557515525817871094e+01
7.599999904632568359e-01 -6.892590999603271484e+00 -1.052447414398193359e+01 1.605293655395507812e+01
7.799999713897705078e-01 -7.593034744262695312e+00 -1.148320388793945312e+01 1.677302932739257812e+01
7.999999523162841797e-01 -8.334898948669433594e+00 -1.240493488311767578e+01 1.775723075866699219e+01
8.199999928474426270e-01 -9.099309921264648438e+00 -1.322355461120605469e+01 1.901479530334472656e+01
8.399999737739562988e-01 -9.858037948608398438e+00 -1.385801029205322266e+01 2.053318786621093750e+01
8.599999547004699707e-01 -1.057305049896240234e+01 -1.421947765350341797e+01 2.226825141906738281e+01
8.799999952316284180e-01 -1.119798088073730469e+01 -1.422526073455810547e+01 2.413731575012207031e+01
8.999999761581420898e-01 -1.168222808837890625e+01 -1.381817245483398438e+01 2.601947975158691406e+01
9.199999570846557617e-01 -1.197782707214355469e+01 -1.298671340942382812e+01 2.776765060424804688e+01
9.399999976158142090e-01 -1.204805374145507812e+01 -1.177825260162353516e+01 2.923256874084472656e+01
9.599999785423278809e-01 -1.187556648254394531e+01 -1.029689311981201172e+01 3.029284477233886719e+01
9.799999594688415527e-01 -1.146730422973632812e+01 -8.684193611145019531e+00 3.088047790527343750e+01
1.000000000000000000e+00 -1.085410308837890625e+01 -7.088556289672851562e+00 3.099131011962890625e+01
1.019999980926513672e+00 -1.008511257171630859e+01 -5.635207653045654297e+00 3.067708969116210938e+01
1.039999961853027344e+00 -9.218843460083007812e+00 -4.407223701477050781e+00 3.002466583251953125e+01
1.059999942779541016e+00 -8.313915252685546875e+00 -3.441568374633789062e+00 2.913198280334472656e+01
1.079999923706054688e+00 -7.421751022338867188e+00 -2.736905574798583984e+00 2.808927726745605469e+01
1.100000023841857910e+00 -6.582418441772460938e+00 -2.266837358474731445e+00 2.696904373168945312e+01
1.120000004768371582e+00 -5.823507308959960938e+00 -1.993010044097900391e+00 2.582366561889648438e+01
1.139999985694885254e+00 -5.161120414733886719e+00 -1.875006675720214844e+00 2.468778610229492188e+01
1.159999966621398926e+00 -4.602041244506835938e+00 -1.876390695571899414e+00 2.358272743225097656e+01
1.179999947547912598e+00 -4.146312236785888672e+00 -1.967568397521972656e+00 2.252071571350097656e+01
1.199999928474426270e+00 -3.789592981338500977e+00 -2.126477479934692383e+00 2.150844764709472656e+01
1.220000028610229492e+00 -3.525166273117065430e+00 -2.338119983673095703e+00 2.054971122741699219e+01
1.240000009536743164e+00 -3.345460414886474609e+00 -2.593502759933471680e+00 1.964684104919433594e+01
1.259999990463256836e+00 -3.243093490600585938e+00 -2.888498067855834961e+00 1.880178642272949219e+01
1.279999971389770508e+00 -3.211588621139526367e+00 -3.222761392593383789e+00 1.801687622070312500e+01
1.299999952316284180e+00 -3.245764493942260742e+00 -3.598798036575317383e+00 1.729520225524902344e+01
1.319999933242797852e+00 -3.341948509216308594e+00 -4.021223545074462891e+00 1.664093971252441406e+01
1.339999914169311523e+00 -3.497996568679809570e+00 -4.496085166931152344e+00 1.605993270874023438e+01
1.360000014305114746e+00 -3.713251352310180664e+00 -5.030308723449707031e+00 1.555994510650634766e+01
1.379999995231628418e+00 -3.988358020782470703e+00 -5.631038665771484375e+00 1.515123367309570312e+01
1.399999976158142090e+00 -4.325049877166748047e+00 -6.304927825927734375e+00 1.484715270996093750e+01
1.419999957084655762e+00 -4.725757598876953125e+00 -7.057024002075195312e+00 1.466460418701171875e+01
1.439999938011169434e+00 -5.193132877349853516e+00 -7.889393329620361328e+00 1.462465858459472656e+01
1.459999918937683105e+00 -5.729305267333984375e+00 -8.799029350280761719e+00 1.475263977050781250e+01
1.480000019073486328e+00 -6.334916114807128906e+00 -9.775244712829589844e+00 1.507785415649414062e+01
1.500000000000000000e+00 -7.007740020751953125e+00 -1.079621505737304688e+01 1.563211345672607422e+01
1.519999980926513672e+00 -7.741007804870605469e+00 -1.182529830932617188e+01 1.644651603698730469e+01
1.539999961853027344e+00 -8.521315574645996094e+00 -1.280771064758300781e+01 1.754587745666503906e+01
1.559999942779541016e+00 -9.326498031616210938e+00 -1.366889762878417969e+01 1.894033813476562500e+01
1.579999923706054688e+00 -1.012395668029785156e+01 -1.431717967987060547e+01 2.061419868469238281e+01
1.599999904632568359e+00 -1.087014389038085938e+01 -1.465286636352539062e+01 2.251450347900390625e+01
1.620000004768371582e+00 -1.151249504089355469e+01 -1.458530616760253906e+01 2.454344558715820312e+01
1.639999985694885254e+00 -1.199447059631347656e+01 -1.405648708343505859e+01 2.656005287170410156e+01
1.659999966621398926e+00 -1.226391220092773438e+01 -1.306436920166015625e+01 2.839673805236816406e+01
1.679999947547912598e+00 -1.228310012817382812e+01 -1.167585945129394531e+01 2.988944816589355469e+01
1.699999928474426270e+00 -1.203785800933837891e+01 -1.002049255371093750e+01 3.091331672668457031e+01
1.719999909400939941e+00 -1.154195594787597656e+01 -8.263590812683105469e+00 3.141007232666015625e+01
1.740000009536743164e+00 -1.083532524108886719e+01 -6.568738460540771484e+00 3.139442062377929688e+01
1.759999990463256836e+00 -9.976206779479980469e+00 -5.064833164215087891e+00 3.094016647338867188e+01
1.779999971389770508e+00 -9.030374526977539062e+00 -3.828587770462036133e+00 3.015273475646972656e+01
1.799999952316284180e+00 -8.060823440551757812e+00 -2.884997367858886719e+00 2.914184951782226562e+01
1.819999933242797852e+00 -7.120432853698730469e+00 -2.219690084457397461e+00 2.800259208679199219e+01
1.839999914169311523e+00 -6.248429298400878906e+00 -1.795257091522216797e+00 2.680716133117675781e+01
1.860000014305114746e+00 -5.470082283020019531e+00 -1.565537571907043457e+00 2.560480880737304688e+01
1.879999995231628418e+00 -4.798558712005615234e+00 -1.485477566719055176e+00 2.442616653442382812e+01
1.899999976158142090e+00 -4.237621307373046875e+00 -1.516459703445434570e+00 2.328860282897949219e+01
1.919999957084655762e+00 -3.784591674804687500e+00 -1.628352522850036621e+00 2.220111274719238281e+01
1.939999938011169434e+00 -3.432880401611328125e+00 -1.799517393112182617e+00 2.116785049438476562e+01
1.959999918937683105e+00 -3.174012184143066406e+00 -2.015825271606445312e+00 2.019067192077636719e+01
1.979999899864196777e+00 -2.999124288558959961e+00 -2.269314527511596680e+00 1.927036666870117188e+01
2.000000000000000000e+00 -2.899937152862548828e+00 -2.556873798370361328e+00 1.840768241882324219e+01
