0.000000000000000000e+00 1.300000000000000000e+01 -6.000000000000000000e+00 1.700000000000000000e+01
4.999999701976776123e-02 4.667257785797119141e+00 -9.146850585937500000e+00 1.175172996520996094e+01
9.999999403953552246e-02 -7.974662780761718750e-01 -9.083312988281250000e+00 9.573307991027832031e+00
1.499999910593032837e-01 -3.897518396377563477e+00 -8.267801284790039062e+00 9.404904365539550781e+00
1.999999880790710449e-01 -5.376892566680908203e+00 -7.092401027679443359e+00 9.939774513244628906e+00
2.499999850988388062e-01 -5.756292819976806641e+00 -5.685840606689453125e+00 1.038394069671630859e+01
2.999999821186065674e-01 -5.425539970397949219e+00 -4.284600734710693359e+00 1.039671993255615234e+01
3.499999642372131348e-01 -4.717039585113525391e+00 -3.113138437271118164e+00 9.973068237304687500e+00
3.999999761581420898e-01 -3.895073175430297852e+00 -2.267914533615112305e+00 9.264705657958984375e+00
4.499999880790710449e-01 -3.130650043487548828e+00 -1.726263880729675293e+00 8.431886672973632812e+00
4.999999701976776123e-01 -2.505178689956665039e+00 -1.412733674049377441e+00 7.583196640014648438e+00
5.499999523162841797e-01 -2.036965608596801758e+00 -1.250804781913757324e+00 6.776132106781005859e+00
5.999999642372131348e-01 -1.710940957069396973e+00 -1.183668732643127441e+00 6.035728931427001953e+00
6.499999761581420898e-01 -1.500246286392211914e+00 -1.175677895545959473e+00 5.370084285736083984e+00
6.999999284744262695e-01 -1.378141760826110840e+00 -1.207031846046447754e+00 4.779411792755126953e+00
7.499999403953552246e-01 -1.322927474975585938e+00 -1.267998695373535156e+00 4.260617733001708984e+00
7.999999523162841797e-01 -1.318969368934631348e+00 -1.354687213897705078e+00 3.809560060501098633e+00
8.499999642372131348e-01 -1.356001615524291992e+00 -1.466421246528625488e+00 3.422121286392211914e+00
8.999999761581420898e-01 -1.427933573722839355e+00 -1.604250788688659668e+00 3.094841718673706055e+00
9.499999284744262695e-01 -1.531697034835815430e+00 -1.770125985145568848e+00 2.825307846069335938e+00
9.999999403953552246e-01 -1.666295528411865234e+00 -1.966384172439575195e+00 2.612448215484619141e+00
1.049999952316284180e+00 -1.832047104835510254e+00 -2.195324182510375977e+00 2.456768035888671875e+00
1.099999904632568359e+00 -2.029960393905639648e+00 -2.458722829818725586e+00 2.360586881637573242e+00
1.149999976158142090e+00 -2.261119604110717773e+00 -2.757176160812377930e+00 2.328128576278686523e+00
1.199999928474426270e+00 -2.525999069213867188e+00 -3.089175939559936523e+00 2.365514039993286133e+00
1.249999880790710449e+00 -2.823640346527099609e+00 -3.449924230575561523e+00 2.480373859405517578e+00
1.299999952316284180e+00 -3.150611162185668945e+00 -3.829893589019775391e+00 2.680886745452880859e+00
1.349999904632568359e+00 -3.499822139739990234e+00 -4.213424682617187500e+00 2.973958253860473633e+00
1.399999856948852539e+00 -3.859326362609863281e+00 -4.577891349792480469e+00 3.362295389175415039e+00
1.449999928474426270e+00 -4.211576461791992188e+00 -4.894300937652587891e+00 3.840546369552612305e+00
1.499999880790710449e+00 -4.533643245697021484e+00 -5.130278587341308594e+00 4.391231536865234375e+00
1.549999952316284180e+00 -4.799204826354980469e+00 -5.256058216094970703e+00 4.982265472412109375e+00
1.599999904632568359e+00 -4.982571601867675781e+00 -5.252502918243408203e+00 5.568237304687500000e+00
1.649999856948852539e+00 -5.064277172088623047e+00 -5.118457794189453125e+00 6.096974372863769531e+00
1.699999928474426270e+00 -5.036513805389404297e+00 -4.873593330383300781e+00 6.520317554473876953e+00
1.749999880790710449e+00 -4.906112194061279297e+00 -4.554399013519287109e+00 6.805167198181152344e+00
1.799999952316284180e+00 -4.693472385406494141e+00 -4.204564571380615234e+00 6.939949512481689453e+00
1.849999904632568359e+00 -4.427717208862304688e+00 -3.864241123199462891e+00 6.934029579162597656e+00
1.899999856948852539e+00 -4.140144348144531250e+00 -3.562674522399902344e+00 6.811530113220214844e+00
1.949999928474426270e+00 -3.858454942703247070e+00 -3.316105365753173828e+00 6.603240489959716797e+00
1.999999880790710449e+00 -3.603393554687500000e+00 -3.129770755767822266e+00 6.339933395385742188e+00
2.049999952316284180e+00 -3.387922048568725586e+00 -3.001672983169555664e+00 6.048441410064697266e+00
2.099999904632568359e+00 -3.218256235122680664e+00 -2.926195383071899414e+00 5.750193119049072266e+00
2.149999856948852539e+00 -3.095651149749755859e+00 -2.896614074707031250e+00 5.461379528045654297e+00
2.199999809265136719e+00 -3.018252134323120117e+00 -2.906494379043579102e+00 5.193825244903564453e+00
2.249999761581420898e+00 -2.982565641403198242e+00 -2.950169563293457031e+00 4.955967426300048828e+00
2.299999952316284180e+00 -2.984413623809814453e+00 -3.022752285003662109e+00 4.753806114196777344e+00
2.349999904632568359e+00 -3.019458293914794922e+00 -3.119866609573364258e+00 4.591572761535644531e+00
2.399999856948852539e+00 -3.083389759063720703e+00 -3.237262964248657227e+00 4.472215175628662109e+00
2.449999809265136719e+00 -3.171882390975952148e+00 -3.370490312576293945e+00 4.397629261016845703e+00
2.499999761581420898e+00 -3.280456304550170898e+00 -3.514534473419189453e+00 4.368722438812255859e+00
2.549999952316284180e+00 -3.404269695281982422e+00 -3.663654804229736328e+00 4.385285377502441406e+00
2.599999904632568359e+00 -3.537951231002807617e+00 -3.811289310455322266e+00 4.445730686187744141e+00
2.649999856948852539e+00 -3.675510406494140625e+00 -3.950212478637695312e+00 4.546752929687500000e+00
2.699999809265136719e+00 -3.810385704040527344e+00 -4.072868824005126953e+00 4.683022975921630859e+00
2.749999761581420898e+00 -3.935668945312500000e+00 -4.172004222869873047e+00 4.846977233886718750e+00
2.799999713897705078e+00 -4.044517040252685547e+00 -4.241496086120605469e+00 5.028898239135742188e+00
2.849999904632568359e+00 -4.130769252777099609e+00 -4.277153968811035156e+00 5.217409610748291016e+00
2.899999856948852539e+00 -4.189585208892822266e+00 -4.277506828308105469e+00 5.400277137756347656e+00
2.949999809265136719e+00 -4.218117237091064453e+00 -4.244161128997802734e+00 5.565667629241943359e+00
2.999999761581420898e+00 -4.215901851654052734e+00 -4.181688785552978516e+00 5.703328609466552734e+00
3.049999713897705078e+00 -4.184989452362060547e+00 -4.097014427185058594e+00 5.805775642395019531e+00
3.099999904632568359e+00 -4.129682064056396484e+00 -3.998432397842407227e+00 5.868963241577148438e+00
3.149999856948852539e+00 -4.055928707122802734e+00 -3.894476175308227539e+00 5.892347812652587891e+00
3.199999809265136719e+00 -3.970573663711547852e+00 -3.792948722839355469e+00 5.878587722778320312e+00
3.249999761581420898e+00 -3.880555868148803711e+00 -3.700241565704345703e+00 5.832751750946044922e+00
3.299999713897705078e+00 -3.792230844497680664e+00 -3.621025323867797852e+00 5.761458396911621094e+00
3.349999904632568359e+00 -3.710923910140991211e+00 -3.558248043060302734e+00 5.672016620635986328e+00
3.399999856948852539e+00 -3.640681743621826172e+00 -3.513340473175048828e+00 5.571746826171875000e+00
3.449999809265136719e+00 -3.584279775619506836e+00 -3.486510515213012695e+00 5.467478275299072266e+00
3.499999761581420898e+00 -3.543249845504760742e+00 -3.477062463760375977e+00 5.365283966064453125e+00
3.549999713897705078e+00 -3.518110513687133789e+00 -3.483624458312988281e+00 5.270296573638916016e+00
3.599999904632568359e+00 -3.508530139923095703e+00 -3.504354476928710938e+00 5.186671733856201172e+00
3.649999856948852539e+00 -3.513503551483154297e+00 -3.537059545516967773e+00 5.117599010467529297e+00
3.699999809265136719e+00 -3.531500816345214844e+00 -3.579282999038696289e+00 5.065317630767822266e+00
3.749999761581420898e+00 -3.560582876205444336e+00 -3.628369569778442383e+00 5.031167507171630859e+00
3.799999713897705078e+00 -3.598490476608276367e+00 -3.681515932083129883e+00 5.015590190887451172e+00
3.849999666213989258e+00 -3.642744302749633789e+00 -3.735843181610107422e+00 5.018192291259765625e+00
3.899999856948852539e+00 -3.690695047378540039e+00 -3.788495540618896484e+00 5.037740230560302734e+00
3.949999809265136719e+00 -3.739650011062622070e+00 -3.836745977401733398e+00 5.072215080261230469e+00
3.999999761581420898e+00 -3.786936998367309570e+00 -3.878172874450683594e+00 5.118946075439453125e+00
4.049999713897705078e+00 -3.830094099044799805e+00 -3.910757064819335938e+00 5.174638748168945312e+00
4.099999904632568359e+00 -3.866939306259155273e+00 -3.933073043823242188e+00 5.235630989074707031e+00
4.149999618530273438e+00 -3.895732879638671875e+00 -3.944376468658447266e+00 5.298079013824462891e+00
4.199999809265136719e+00 -3.915285825729370117e+00 -3.944664001464843750e+00 5.358216762542724609e+00
4.249999523162841797e+00 -3.925031661987304688e+00 -3.934665679931640625e+00 5.412606239318847656e+00
4.299999713897705078e+00 -3.925055503845214844e+00 -3.915758609771728516e+00 5.458381652832031250e+00
4.349999904632568359e+00 -3.916066884994506836e+00 -3.889824628829956055e+00 5.493426799774169922e+00
4.399999618530273438e+00 -3.899307966232299805e+00 -3.859067916870117188e+00 5.516476154327392578e+00
4.449999809265136719e+00 -3.876430988311767578e+00 -3.825808763504028320e+00 5.527153968811035156e+00
4.499999523162841797e+00 -3.849344015121459961e+00 -3.792304277420043945e+00 5.525890350341796875e+00
4.549999713897705078e+00 -3.820051431655883789e+00 -3.760584354400634766e+00 5.513858318328857422e+00
4.599999904632568359e+00 -3.790498495101928711e+00 -3.732339859008789062e+00 5.492732048034667969e+00
4.649999618530273438e+00 -3.762434005737304688e+00 -3.708871841430664062e+00 5.464605331420898438e+00
4.699999809265136719e+00 -3.737370014190673828e+00 -3.691031217575073242e+00 5.431726455688476562e+00
4.749999523162841797e+00 -3.716434478759765625e+00 -3.679306507110595703e+00 5.396368026733398438e+00
4.799999713897705078e+00 -3.700448513031005859e+00 -3.673767566680908203e+00 5.360785007476806641e+00
4.849999904632568359e+00 -3.689844131469726562e+00 -3.674148321151733398e+00 5.326916217803955078e+00
4.899999618530273438e+00 -3.684739828109741211e+00 -3.679942369461059570e+00 5.296494483947753906e+00
4.949999809265136719e+00 -3.684939384460449219e+00 -3.690381288528442383e+00 5.270872592926025391e+00
5.000000000000000000e+00 -3.689991950988769531e+00 -3.704541444778442383e+00 5.251077175140380859e+00
