0.000000000000000000e+00 3.000000000000000000e+00 0.000000000000000000e+00
1.010101009160280228e-02 2.995826959609985352e+00 1.630132496356964111e-01
2.020202018320560455e-02 2.983314037322998047e+00 3.255352675914764404e-01
3.030303120613098145e-02 2.962505817413330078e+00 4.870766699314117432e-01
4.040404036641120911e-02 2.933464288711547852e+00 6.471536159515380859e-01
5.050504952669143677e-02 2.896278858184814453e+00 8.052899241447448730e-01
6.060606241226196289e-02 2.851065635681152344e+00 9.610184431076049805e-01
7.070706784725189209e-02 2.797962427139282227e+00 1.113883972167968750e+00
8.080808073282241821e-02 2.737134695053100586e+00 1.263443946838378906e+00
9.090909361839294434e-02 2.668761491775512695e+00 1.409271836280822754e+00
1.010100990533828735e-01 2.593056440353393555e+00 1.550954222679138184e+00
1.111111119389533997e-01 2.510245800018310547e+00 1.688096404075622559e+00
1.212121248245239258e-01 2.420576333999633789e+00 1.820320725440979004e+00
1.313131302595138550e-01 2.324315309524536133e+00 1.947267413139343262e+00
1.414141356945037842e-01 2.221744060516357422e+00 2.068590164184570312e+00
1.515151560306549072e-01 2.113160848617553711e+00 2.183971166610717773e+00
1.616161614656448364e-01 1.998885631561279297e+00 2.293102025985717773e+00
1.717171669006347656e-01 1.879238605499267578e+00 2.395698070526123047e+00
1.818181872367858887e-01 1.754562139511108398e+00 2.491492986679077148e+00
1.919191926717758179e-01 1.625209093093872070e+00 2.580233335494995117e+00
2.020201981067657471e-01 1.491539955139160156e+00 2.661692142486572266e+00
2.121212184429168701e-01 1.353922605514526367e+00 2.735659360885620117e+00
2.222222238779067993e-01 1.212741851806640625e+00 2.801938295364379883e+00
2.323232293128967285e-01 1.068384408950805664e+00 2.860354423522949219e+00
2.424242496490478516e-01 9.212442636489868164e-01 2.910748243331909180e+00
2.525252401828765869e-01 7.717248201370239258e-01 2.952981472015380859e+00
2.626262605190277100e-01 6.202341914176940918e-01 2.986938953399658203e+00
2.727272808551788330e-01 4.671850204467773438e-01 3.012509107589721680e+00
2.828282713890075684e-01 3.129986226558685303e-01 3.029608726501464844e+00
2.929292917251586914e-01 1.580968350172042847e-01 3.038167953491210938e+00
3.030303120613098145e-01 2.908527851104736328e-03 3.038143634796142578e+00
3.131313025951385498e-01 -1.521330922842025757e-01 3.029497861862182617e+00
3.232323229312896729e-01 -3.065926730632781982e-01 3.012217283248901367e+00
3.333333432674407959e-01 -4.600304067134857178e-01 2.986306428909301758e+00
3.434343338012695312e-01 -6.120024323463439941e-01 2.951799392700195312e+00
3.535353541374206543e-01 -7.620652914047241211e-01 2.908727645874023438e+00
3.636363744735717773e-01 -9.097679853439331055e-01 2.857155323028564453e+00
3.737373650074005127e-01 -1.054662227630615234e+00 2.797170162200927734e+00
3.838383853435516357e-01 -1.196296691894531250e+00 2.728874206542968750e+00
3.939394056797027588e-01 -1.334216356277465820e+00 2.652390480041503906e+00
4.040403962135314941e-01 -1.467972040176391602e+00 2.567871570587158203e+00
4.141414165496826172e-01 -1.597105979919433594e+00 2.475481510162353516e+00
4.242424368858337402e-01 -1.721167087554931641e+00 2.375417470932006836e+00
4.343434274196624756e-01 -1.839703440666198730e+00 2.267897367477416992e+00
4.444444477558135986e-01 -1.952265381813049316e+00 2.153161048889160156e+00
4.545454680919647217e-01 -2.058408737182617188e+00 2.031483411788940430e+00
4.646464586257934570e-01 -2.157689094543457031e+00 1.903162360191345215e+00
4.747474789619445801e-01 -2.249682188034057617e+00 1.768511652946472168e+00
4.848484992980957031e-01 -2.333951950073242188e+00 1.627899646759033203e+00
4.949494898319244385e-01 -2.410079956054687500e+00 1.481708407402038574e+00
5.050504803657531738e-01 -2.477664709091186523e+00 1.330353617668151855e+00
5.151515007019042969e-01 -2.536312103271484375e+00 1.174279808998107910e+00
5.252525210380554199e-01 -2.585648536682128906e+00 1.013972520828247070e+00
5.353535413742065430e-01 -2.625310897827148438e+00 8.499466776847839355e-01
5.454545617103576660e-01 -2.654968500137329102e+00 6.827496886253356934e-01
5.555555820465087891e-01 -2.674312114715576172e+00 5.129643082618713379e-01
5.656565427780151367e-01 -2.683058261871337891e+00 3.412084579467773438e-01
5.757575631141662598e-01 -2.680956363677978516e+00 1.681317389011383057e-01
5.858585834503173828e-01 -2.667795658111572266e+00 -5.582898855209350586e-03
5.959596037864685059e-01 -2.643407583236694336e+00 -1.792201995849609375e-01
6.060606241226196289e-01 -2.607668399810791016e+00 -3.520360589027404785e-01
6.161616444587707520e-01 -2.560480594635009766e+00 -5.232583284378051758e-01
6.262626051902770996e-01 -2.501845836639404297e+00 -6.920899152755737305e-01
6.363636255264282227e-01 -2.431788444519042969e+00 -8.577162623405456543e-01
6.464646458625793457e-01 -2.350413560867309570e+00 -1.019302964210510254e+00
6.565656661987304688e-01 -2.257882595062255859e+00 -1.176006078720092773e+00
6.666666865348815918e-01 -2.154431343078613281e+00 -1.326978921890258789e+00
6.767676472663879395e-01 -2.040375709533691406e+00 -1.471373081207275391e+00
6.868686676025390625e-01 -1.916091442108154297e+00 -1.608348846435546875e+00
6.969696879386901855e-01 -1.782050728797912598e+00 -1.737090706825256348e+00
7.070707082748413086e-01 -1.638793945312500000e+00 -1.856800794601440430e+00
7.171717286109924316e-01 -1.486939191818237305e+00 -1.966720700263977051e+00
7.272727489471435547e-01 -1.327177286148071289e+00 -2.066140890121459961e+00
7.373737096786499023e-01 -1.160278677940368652e+00 -2.154395341873168945e+00
7.474747300148010254e-01 -9.870731234550476074e-01 -2.230888605117797852e+00
7.575757503509521484e-01 -8.084582686424255371e-01 -2.295092344284057617e+00
7.676767706871032715e-01 -6.253799200057983398e-01 -2.346557855606079102e+00
7.777777910232543945e-01 -4.388315677642822266e-01 -2.384931802749633789e+00
7.878788113594055176e-01 -2.498434484004974365e-01 -2.409937381744384766e+00
7.979797720909118652e-01 -5.947007238864898682e-02 -2.421398639678955078e+00
8.080807924270629883e-01 1.312229037284851074e-01 -2.419246435165405273e+00
8.181818127632141113e-01 3.211642503738403320e-01 -2.403502225875854492e+00
8.282828330993652344e-01 5.092929601669311523e-01 -2.374290943145751953e+00
8.383838534355163574e-01 6.945681571960449219e-01 -2.331839084625244141e+00
8.484848737716674805e-01 8.759813308715820312e-01 -2.276439905166625977e+00
8.585858345031738281e-01 1.052561163902282715e+00 -2.208517313003540039e+00
8.686868548393249512e-01 1.223391056060791016e+00 -2.128543615341186523e+00
8.787878751754760742e-01 1.387610316276550293e+00 -2.037083625793457031e+00
8.888888955116271973e-01 1.544419050216674805e+00 -1.934753298759460449e+00
8.989899158477783203e-01 1.693090438842773438e+00 -1.822235465049743652e+00
9.090909361839294434e-01 1.832968115806579590e+00 -1.700255990028381348e+00
9.191918969154357910e-01 1.963469743728637695e+00 -1.569587349891662598e+00
9.292929172515869141e-01 2.084092378616333008e+00 -1.431020617485046387e+00
9.393939375877380371e-01 2.194405317306518555e+00 -1.285376667976379395e+00
9.494949579238891602e-01 2.294057846069335938e+00 -1.133486151695251465e+00
9.595959782600402832e-01 2.382765293121337891e+00 -9.761886000633239746e-01
9.696969985961914062e-01 2.460321187973022461e+00 -8.143180608749389648e-01
9.797979593276977539e-01 2.526576995849609375e+00 -6.487083435058593750e-01
9.898989796638488770e-01 2.581459045410156250e+00 -4.801728427410125732e-01
1.000000000000000000e+00 2.624939918518066406e+00 -3.095143437385559082e-01
